 The REDDENED reconstructions with AR persistence added back in:
 year        1
 1900   -0.402
 1901   -0.202
 1902   -0.112
 1903   -0.333
 1904    0.199
 1905    0.528
 1906   -0.719
 1907   -0.847
 1908   -0.625
 1909   -0.905
 1910   -0.054
 1911   -0.259
 1912   -0.443
 1913   -0.240
 1914    0.409
 1915    0.042
 1916   -1.363
 1917   -0.808
 1918   -0.573
 1919   -0.871
 1920   -0.740
 1921   -1.365
 1922   -0.670
 1923   -0.491
 1924   -0.436
 1925   -0.788
 1926   -0.274
 1927   -0.842
 1928   -0.444
 1929   -0.259
 1930   -0.266
 1931   -0.106
 1932   -0.756
 1933   -0.809
 1934    0.065
 1935    0.186
 1936   -0.032
 1937   -0.624
 1938   -0.164
 1939    0.306
 1940    0.061
 1941   -0.061
 1942   -0.554
 1943   -0.773
 1944    0.239
 1945    0.037
 1946   -1.023
 1947   -0.542
 1948    0.001
 1949   -0.289
 1950   -0.410
 1951   -0.073
 1952   -0.990
 1953   -1.282
 1954   -0.827
 1955   -0.095
 1956   -0.868
 1957   -0.233
 1958    0.305
 1959   -0.479
 1960   -0.500
 1961   -0.431
 1962   -0.857
 1963   -0.179
 1964   -0.093
 1965   -0.025
 1966    0.229
 1967   -0.049
 1968   -0.632
 1969   -0.747
 1970   -0.490
 1971   -1.356
 1972   -1.582
 1973   -0.427
 1974   -1.717
 1975   -0.902
 1976   -0.768
 1977    0.463
 1978   -0.160
 1979   -0.277
 1980   -0.361
 1981   -0.541
 1982   -1.534
 1983   -1.424
 1984   -0.394
 1985   -0.336
 1986   -0.829
 1987   -0.166
 1988   -0.326
 1989   -0.601
 1990    0.380
 1991   -0.961
 1992   -0.320
 1993   -0.998
 1994    0.518
 1995   -0.652
 1996   -0.657
 1997   -0.822
 1998   -0.154
