 The REDDENED reconstructions with AR persistence added back in:
 year        1
 1900    0.485
 1901    0.700
 1902    0.986
 1903   -0.077
 1904    0.197
 1905   -0.245
 1906   -0.453
 1907   -1.173
 1908   -1.013
 1909   -0.741
 1910   -0.391
 1911   -0.151
 1912   -0.742
 1913   -0.041
 1914   -0.299
 1915   -0.984
 1916   -1.162
 1917   -0.724
 1918    0.018
 1919   -0.702
 1920   -1.260
 1921   -1.076
 1922   -0.530
 1923   -0.197
 1924   -0.440
 1925    0.151
 1926   -0.137
 1927   -0.535
 1928   -0.890
 1929   -0.611
 1930   -0.491
 1931    0.110
 1932   -0.734
 1933   -0.281
 1934    0.851
 1935   -0.246
 1936    0.160
 1937   -0.411
 1938   -0.405
 1939   -0.060
 1940    0.160
 1941   -0.675
 1942   -1.202
 1943   -0.657
 1944   -0.615
 1945   -0.645
 1946   -0.074
 1947   -0.382
 1948   -0.584
 1949   -0.992
 1950   -0.234
 1951   -0.017
 1952   -0.145
 1953    0.223
 1954    0.620
 1955    0.640
 1956    0.881
 1957    0.326
 1958   -0.115
 1959    0.233
 1960   -0.320
 1961   -0.193
 1962   -0.491
 1963   -0.032
 1964    0.006
 1965   -0.791
 1966   -0.527
 1967   -0.159
 1968   -0.392
 1969   -0.800
 1970   -0.677
 1971   -0.062
 1972    0.041
 1973   -0.589
 1974   -0.283
 1975   -0.898
 1976   -0.373
 1977    0.688
 1978   -0.430
 1979   -0.730
 1980   -0.482
 1981    0.079
 1982   -0.610
 1983   -0.907
 1984   -0.795
 1985   -1.005
 1986   -1.336
 1987   -1.413
 1988   -0.557
 1989    0.071
 1990   -0.172
 1991   -0.537
 1992   -0.826
 1993   -0.986
 1994   -0.646
 1995   -1.162
 1996   -0.006
 1997   -0.746
 1998   -0.805
 1999   -1.005
 2000   -0.208
 2001   -0.079
 2002    1.020
 2003    0.689
 2004    0.260
