 The REDDENED reconstructions with AR persistence added back in:
 year        1
 1900   -0.844
 1901   -0.693
 1902   -0.585
 1903   -0.635
 1904   -0.202
 1905    0.210
 1906   -0.589
 1907   -0.987
 1908   -0.923
 1909   -1.287
 1910   -0.739
 1911   -0.718
 1912   -0.817
 1913   -0.783
 1914   -0.232
 1915   -0.335
 1916   -1.484
 1917   -1.476
 1918   -1.111
 1919   -1.161
 1920   -1.264
 1921   -1.727
 1922   -1.336
 1923   -1.007
 1924   -0.932
 1925   -1.260
 1926   -0.894
 1927   -1.202
 1928   -0.986
 1929   -0.761
 1930   -0.644
 1931   -0.580
 1932   -1.013
 1933   -1.224
 1934   -0.609
 1935   -0.245
 1936   -0.429
 1937   -0.782
 1938   -0.394
 1939   -0.187
 1940   -0.201
 1941   -0.228
 1942   -0.625
 1943   -0.912
 1944   -0.292
 1945   -0.166
 1946   -0.866
 1947   -0.713
 1948   -0.263
 1949   -0.577
 1950   -0.805
 1951   -0.519
 1952   -1.081
 1953   -1.483
 1954   -1.542
 1955   -1.083
 1956   -1.514
 1957   -1.014
 1958   -0.219
 1959   -0.621
 1960   -0.809
 1961   -0.867
 1962   -1.334
 1963   -0.974
 1964   -0.670
 1965   -0.389
 1966   -0.131
 1967   -0.184
 1968   -0.622
 1969   -1.064
 1970   -0.918
 1971   -1.589
 1972   -2.125
 1973   -1.463
 1974   -2.034
 1975   -1.550
 1976   -1.483
 1977   -0.514
 1978   -0.325
 1979   -0.606
 1980   -0.754
 1981   -0.883
 1982   -1.498
 1983   -1.713
 1984   -0.972
 1985   -0.728
 1986   -1.064
 1987   -0.653
 1988   -0.660
 1989   -0.902
 1990   -0.310
 1991   -1.407
 1992   -0.836
 1993   -1.015
 1994   -0.074
 1995   -0.479
 1996   -0.909
 1997   -1.284
 1998   -0.760
 1999   -1.222
 2000   -0.558
 2001   -0.118
 2002   -0.206
 2003   -0.408
 2004   -1.000
