 The REDDENED reconstructions with AR persistence added back in:
 year        1
 1900   -1.500
 1901   -0.981
 1902   -1.299
 1903   -0.957
 1904   -0.282
 1905   -0.616
 1906   -1.556
 1907   -1.294
 1908   -0.767
 1909   -1.167
 1910   -0.519
 1911   -0.916
 1912   -1.048
 1913   -1.063
 1914   -0.443
 1915   -1.911
 1916   -2.419
 1917   -1.569
 1918   -1.054
 1919   -1.076
 1920   -1.665
 1921   -1.755
 1922   -0.730
 1923   -0.934
 1924   -0.896
 1925   -0.794
 1926   -0.804
 1927   -1.057
 1928   -0.777
 1929   -0.457
 1930   -1.081
 1931   -0.696
 1932   -0.538
 1933   -0.639
 1934   -0.592
 1935   -0.688
 1936   -0.465
 1937   -0.594
 1938    0.121
 1939   -0.641
 1940    0.069
 1941    0.041
 1942   -0.926
 1943   -0.384
 1944    0.600
 1945    0.496
 1946   -1.411
 1947   -0.815
 1948    0.300
 1949   -0.346
 1950   -0.620
 1951   -0.720
 1952   -1.728
 1953   -1.652
 1954   -1.326
 1955   -1.075
 1956   -2.119
 1957   -1.321
 1958   -0.760
 1959   -1.478
 1960   -1.416
 1961   -1.023
 1962   -1.404
 1963   -0.467
 1964   -0.642
 1965   -0.499
 1966   -0.848
 1967   -0.531
 1968   -1.401
 1969   -1.108
 1970   -0.171
 1971   -2.330
 1972   -2.781
 1973   -1.021
 1974   -1.424
 1975   -1.034
 1976   -1.511
 1977   -0.610
 1978   -0.260
 1979   -0.647
 1980   -1.223
 1981   -1.631
 1982   -1.314
 1983   -1.692
 1984   -0.498
 1985   -0.539
 1986   -1.160
 1987   -0.492
 1988   -0.312
 1989   -0.142
 1990   -0.588
 1991   -2.029
 1992   -0.617
 1993   -1.188
 1994   -0.230
 1995   -0.915
 1996   -1.297
 1997   -1.918
 1998   -1.145
 1999   -1.654
 2000   -0.519
 2001   -0.171
 2002   -0.553
 2003   -0.639
 2004   -1.696
